%YAML:1.0

#--------------------------------------------------------------------------------------------
# System config
#--------------------------------------------------------------------------------------------

# When the variables are commented, the system doesn't load a previous session or not store the current one

# If the LoadFile doesn't exist, the system give a message and create a new Atlas from scratch
#System.LoadAtlasFromFile: "Session_MH01_MH02_MH03_Stereo60_Pseudo"

# The store file is created from the current session, if a file with the same name exists it is deleted
#System.SaveAtlasToFile: "Session_MH01_MH02_MH03_Stereo60_Pseudo"

#--------------------------------------------------------------------------------------------
# Camera Parameters. Adjust them!
#--------------------------------------------------------------------------------------------
File.version: "1.0"

Camera.type: "PinHole"

# Camera calibration and distortion parameters (OpenCV) 
Camera1.fx: 383.26035902567935
Camera1.fy: 387.2266210577229
Camera1.cx: 322.68510140201397
Camera1.cy: 239.68056329450943

Camera1.k1: -0.006787043869545086
Camera1.k2: 0.001213273853123832
Camera1.p1: 0.00014680045496126817
Camera1.p2: 0.0005408068139533259

Camera2.fx: 382.84018548346035
Camera2.fy: 386.80956780426754
Camera2.cx: 318.6461962933327
Camera2.cy: 240.26103295826135

Camera2.k1: -0.0033978760340846446
Camera2.k2: -0.005126355388182356
Camera2.p1: 0.0003085954993638069
Camera2.p2: 0.0009613199952760605

Camera.width: 640
Camera.height: 480

# Camera frames per second 
Camera.fps: 30

# Color order of the images (0: BGR, 1: RGB. It is ignored if images are grayscale)
Camera.RGB: 1

# Close/Far threshold. Baseline times.
Stereo.ThDepth: 60.0

Stereo.T_c1_c2: !!opencv-matrix
  rows: 4
  cols: 4
  dt: f
  data: [0.99998869535004718245, 0.00021450514733729162864, 0.0047500694371948655926, 0.095746706777055543265,
        -0.00022065647916754476152, 0.99999913777420843295, 0.001294512094858564322, 0.00010049576448696582535,
        -0.0047497876620548338363, -0.0012955455944502810257, 0.99998788046595038675, 0.00034677994533230454462,
         0.0, 0.0, 0.0, 1.0]

# Transformation from camera 0 to body-frame (imu)
IMU.T_b_c1: !!opencv-matrix
  rows: 4
  cols: 4
  dt: f
  data: [0.99998139310392401724, 0.00016428802738405298883, 0.0060980698076489225698, -0.030456029344279429902,
        -0.00013939018771702142365, 0.99999165437521549491, -0.0040831054718829128651, 0.0055136790087324717565,
        -0.0060986897207899759, 0.0040821794868685322635, 0.99997307053456491188, 0.025879443845495654966,
         0.0, 0.0, 0.0, 1.0]

# IMU noise
IMU.NoiseGyro: 0.0002010317518288601 
IMU.NoiseAcc:  0.0031690290585787944 
IMU.GyroWalk: 1.6423932364699542e-06 
IMU.AccWalk: 0.0002876229293512109 
IMU.Frequency: 400.0

#--------------------------------------------------------------------------------------------
# ORB Parameters
#--------------------------------------------------------------------------------------------

# ORB Extractor: Number of features per image
ORBextractor.nFeatures: 1200

# ORB Extractor: Scale factor between levels in the scale pyramid 	
ORBextractor.scaleFactor: 1.2

# ORB Extractor: Number of levels in the scale pyramid	
ORBextractor.nLevels: 8

# ORB Extractor: Fast threshold
# Image is divided in a grid. At each cell FAST are extracted imposing a minimum response.
# Firstly we impose iniThFAST. If no corners are detected we impose a lower value minThFAST
# You can lower these values if your images have low contrast			
ORBextractor.iniThFAST: 20
ORBextractor.minThFAST: 7

#--------------------------------------------------------------------------------------------
# Viewer Parameters
#--------------------------------------------------------------------------------------------
Viewer.KeyFrameSize: 0.05
Viewer.KeyFrameLineWidth: 1.0
Viewer.GraphLineWidth: 0.9
Viewer.PointSize: 2.0
Viewer.CameraSize: 0.08
Viewer.CameraLineWidth: 3.0
Viewer.ViewpointX: 0.0
Viewer.ViewpointY: -0.7
Viewer.ViewpointZ: -1.8
Viewer.ViewpointF: 500.0
Viewer.imageViewScale: 1.0
